(kicad_pcb (version 20171130) (host pcbnew "(5.0.1)-4")

  (general
    (thickness 1.6)
    (drawings 4)
    (tracks 2456)
    (zones 0)
    (modules 78)
    (nets 162)
  )

  (page A4)
  (layers
    (0 F.Cu signal)
    (31 B.Cu signal)
    (32 B.Adhes user)
    (33 F.Adhes user)
    (34 B.Paste user)
    (35 F.Paste user)
    (36 B.SilkS user)
    (37 F.SilkS user)
    (38 B.Mask user)
    (39 F.Mask user)
    (40 Dwgs.User user)
    (41 Cmts.User user)
    (42 Eco1.User user)
    (43 Eco2.User user)
    (44 Edge.Cuts user)
    (45 Margin user)
    (46 B.CrtYd user)
    (47 F.CrtYd user)
    (48 B.Fab user)
    (49 F.Fab user)
  )

  (setup
    (last_trace_width 0.25)
    (trace_clearance 0.2)
    (zone_clearance 0.508)
    (zone_45_only no)
    (trace_min 0.2)
    (segment_width 0.2)
    (edge_width 0.15)
    (via_size 0.8)
    (via_drill 0.4)
    (via_min_size 0.4)
    (via_min_drill 0.3)
    (uvia_size 0.3)
    (uvia_drill 0.1)
    (uvias_allowed no)
    (uvia_min_size 0.2)
    (uvia_min_drill 0.1)
    (pcb_text_width 0.3)
    (pcb_text_size 1.5 1.5)
    (mod_edge_width 0.15)
    (mod_text_size 1 1)
    (mod_text_width 0.15)
    (pad_size 1.524 1.524)
    (pad_drill 0.762)
    (pad_to_mask_clearance 0.051)
    (solder_mask_min_width 0.25)
    (aux_axis_origin 0 0)
    (visible_elements 7FFFFFFF)
    (pcbplotparams
      (layerselection 0x010fc_ffffffff)
      (usegerberextensions false)
      (usegerberattributes false)
      (usegerberadvancedattributes false)
      (creategerberjobfile false)
      (excludeedgelayer true)
      (linewidth 0.100000)
      (plotframeref false)
      (viasonmask false)
      (mode 1)
      (useauxorigin false)
      (hpglpennumber 1)
      (hpglpenspeed 20)
      (hpglpendiameter 15.000000)
      (psnegative false)
      (psa4output false)
      (plotreference true)
      (plotvalue true)
      (plotinvisibletext false)
      (padsonsilk false)
      (subtractmaskfromsilk false)
      (outputformat 1)
      (mirror false)
      (drillshape 0)
      (scaleselection 1)
      (outputdirectory ""))
  )

  (net 0 "")
  (net 1 "Net-(C4-Pad1)")
  (net 2 ~ENTER_ISP)
  (net 3 ~RESET)
  (net 4 "Net-(Q1-Pad2)")
  (net 5 ~WARM_BOOT)
  (net 6 ~CPU_WR)
  (net 7 ~CPU_RD)
  (net 8 ~IO3_CS)
  (net 9 ~IO2_CS)
  (net 10 "Net-(U10-Pad12)")
  (net 11 "Net-(U10-Pad10)")
  (net 12 "Net-(U1-Pad21)")
  (net 13 "Net-(U1-Pad22)")
  (net 14 "Net-(U1-Pad23)")
  (net 15 "Net-(U1-Pad24)")
  (net 16 "Net-(U1-Pad25)")
  (net 17 ~IO0_CS)
  (net 18 "Net-(U1-Pad10)")
  (net 19 "Net-(U1-Pad11)")
  (net 20 "Net-(U1-Pad12)")
  (net 21 "Net-(U1-Pad13)")
  (net 22 "Net-(U1-Pad14)")
  (net 23 "Net-(U1-Pad15)")
  (net 24 "Net-(U1-Pad16)")
  (net 25 "Net-(U1-Pad17)")
  (net 26 "Net-(U1-Pad37)")
  (net 27 "Net-(U1-Pad38)")
  (net 28 "Net-(U1-Pad39)")
  (net 29 "Net-(U1-Pad20)")
  (net 30 "Net-(U1-Pad40)")
  (net 31 ~IO1_CS)
  (net 32 ~MEM0_CS)
  (net 33 ~MEM1_CS)
  (net 34 ~IO7_CS)
  (net 35 ~IO6_CS)
  (net 36 ~IO4_CS)
  (net 37 ~IO5_CS)
  (net 38 "Net-(U5-Pad10)")
  (net 39 "Net-(U5-Pad11)")
  (net 40 "Net-(U5-Pad12)")
  (net 41 "Net-(U5-Pad13)")
  (net 42 "Net-(U5-Pad7)")
  (net 43 "Net-(U5-Pad9)")
  (net 44 BOOTING)
  (net 45 ISP)
  (net 46 ~ISP)
  (net 47 ~BOOTING)
  (net 48 "Net-(U9-Pad14)")
  (net 49 "Net-(U9-Pad8)")
  (net 50 "Net-(Q2-Pad2)")
  (net 51 "Net-(D4-Pad2)")
  (net 52 "Net-(D3-Pad2)")
  (net 53 "Net-(U13-Pad1)")
  (net 54 "Net-(U13-Pad2)")
  (net 55 "Net-(U13-Pad3)")
  (net 56 "Net-(U13-Pad4)")
  (net 57 "Net-(U13-Pad5)")
  (net 58 "Net-(U13-Pad6)")
  (net 59 "Net-(U13-Pad7)")
  (net 60 "Net-(U13-Pad8)")
  (net 61 "Net-(U13-Pad29)")
  (net 62 "Net-(U13-Pad10)")
  (net 63 "Net-(U13-Pad30)")
  (net 64 "Net-(U13-Pad11)")
  (net 65 "Net-(U13-Pad17)")
  (net 66 ~RD_BIOS)
  (net 67 ~WR_BIOS)
  (net 68 "Net-(U10-Pad11)")
  (net 69 "Net-(U10-Pad7)")
  (net 70 "Net-(U10-Pad9)")
  (net 71 "Net-(U19-Pad8)")
  (net 72 "Net-(J1-Pad2)")
  (net 73 "Net-(J1-Pad3)")
  (net 74 "Net-(J1-Pad4)")
  (net 75 "Net-(U9-Pad4)")
  (net 76 "Net-(U9-Pad6)")
  (net 77 "Net-(U9-Pad10)")
  (net 78 "Net-(U9-Pad12)")
  (net 79 "Net-(U9-Pad16)")
  (net 80 "Net-(U9-Pad18)")
  (net 81 "Net-(U9-Pad21)")
  (net 82 "Net-(U9-Pad27)")
  (net 83 "Net-(U9-Pad31)")
  (net 84 "Net-(U9-Pad32)")
  (net 85 /+5V)
  (net 86 /~D0)
  (net 87 /~D1)
  (net 88 /~D2)
  (net 89 /~D3)
  (net 90 /~D4)
  (net 91 /~D5)
  (net 92 /~D6)
  (net 93 /~D7)
  (net 94 /RESET)
  (net 95 /GND)
  (net 96 /~A8)
  (net 97 /~A9)
  (net 98 /~A10)
  (net 99 /~A11)
  (net 100 /~A12)
  (net 101 /~A13)
  (net 102 /~A14)
  (net 103 /~A15)
  (net 104 /~RD)
  (net 105 /~A1)
  (net 106 /~A0)
  (net 107 /~WR)
  (net 108 /~A7)
  (net 109 /~A6)
  (net 110 /~A5)
  (net 111 /~A4)
  (net 112 /~A3)
  (net 113 /~A2)
  (net 114 /~MEMRQ)
  (net 115 /~IORQ)
  (net 116 "Net-(J2-Pad30)")
  (net 117 "Net-(J2-Pad31)")
  (net 118 "Net-(J2-Pad32)")
  (net 119 "Net-(J2-Pad33)")
  (net 120 "Net-(J2-Pad34)")
  (net 121 "Net-(J2-Pad35)")
  (net 122 "Net-(J2-Pad36)")
  (net 123 "Net-(J2-Pad37)")
  (net 124 "Net-(J2-Pad38)")
  (net 125 "Net-(R23-Pad2)")
  (net 126 "Net-(R20-Pad2)")
  (net 127 "Net-(Q2-Pad1)")
  (net 128 "Net-(D10-Pad2)")
  (net 129 "Net-(R21-Pad2)")
  (net 130 "Net-(R3-Pad1)")
  (net 131 "Net-(D2-Pad2)")
  (net 132 "Net-(C3-Pad1)")
  (net 133 "Net-(D10-Pad1)")
  (net 134 "Net-(JP1-Pad2)")
  (net 135 "Net-(SW2-Pad4)")
  (net 136 "Net-(C1-Pad1)")
  (net 137 "Net-(SW2-Pad5)")
  (net 138 "Net-(SW2-Pad3)")
  (net 139 "Net-(SW2-Pad6)")
  (net 140 "Net-(R6-Pad1)")
  (net 141 MOUSE_CLK)
  (net 142 KEYBOARD_CLK)
  (net 143 "Net-(R4-Pad1)")
  (net 144 "Net-(R5-Pad1)")
  (net 145 KEYBOARD_DAT)
  (net 146 MOUSE_DAT)
  (net 147 "Net-(R7-Pad1)")
  (net 148 PSX_CMD)
  (net 149 PSX_CLK)
  (net 150 ~PSX_SEL_1)
  (net 151 ~PSX_SEL_0)
  (net 152 ~PSX_ACK)
  (net 153 PSX_DAT)
  (net 154 "Net-(J3-Pad3)")
  (net 155 "Net-(J3-Pad8)")
  (net 156 "Net-(J4-Pad8)")
  (net 157 "Net-(J4-Pad3)")
  (net 158 "Net-(U3-Pad8)")
  (net 159 "Net-(U3-Pad2)")
  (net 160 "Net-(U3-Pad6)")
  (net 161 "Net-(U3-Pad12)")

  (net_class Default "This is the default net class."
    (clearance 0.2)
    (trace_width 0.25)
    (via_dia 0.8)
    (via_drill 0.4)
    (uvia_dia 0.3)
    (uvia_drill 0.1)
    (add_net /RESET)
    (add_net /~A0)
    (add_net /~A1)
    (add_net /~A10)
    (add_net /~A11)
    (add_net /~A12)
    (add_net /~A13)
    (add_net /~A14)
    (add_net /~A15)
    (add_net /~A2)
    (add_net /~A3)
    (add_net /~A4)
    (add_net /~A5)
    (add_net /~A6)
    (add_net /~A7)
    (add_net /~A8)
    (add_net /~A9)
    (add_net /~D0)
    (add_net /~D1)
    (add_net /~D2)
    (add_net /~D3)
    (add_net /~D4)
    (add_net /~D5)
    (add_net /~D6)
    (add_net /~D7)
    (add_net /~IORQ)
    (add_net /~MEMRQ)
    (add_net /~RD)
    (add_net /~WR)
    (add_net BOOTING)
    (add_net ISP)
    (add_net KEYBOARD_CLK)
    (add_net KEYBOARD_DAT)
    (add_net MOUSE_CLK)
    (add_net MOUSE_DAT)
    (add_net "Net-(C1-Pad1)")
    (add_net "Net-(C3-Pad1)")
    (add_net "Net-(C4-Pad1)")
    (add_net "Net-(D10-Pad1)")
    (add_net "Net-(D10-Pad2)")
    (add_net "Net-(D2-Pad2)")
    (add_net "Net-(D3-Pad2)")
    (add_net "Net-(D4-Pad2)")
    (add_net "Net-(J1-Pad2)")
    (add_net "Net-(J1-Pad3)")
    (add_net "Net-(J1-Pad4)")
    (add_net "Net-(J2-Pad30)")
    (add_net "Net-(J2-Pad31)")
    (add_net "Net-(J2-Pad32)")
    (add_net "Net-(J2-Pad33)")
    (add_net "Net-(J2-Pad34)")
    (add_net "Net-(J2-Pad35)")
    (add_net "Net-(J2-Pad36)")
    (add_net "Net-(J2-Pad37)")
    (add_net "Net-(J2-Pad38)")
    (add_net "Net-(J3-Pad3)")
    (add_net "Net-(J3-Pad8)")
    (add_net "Net-(J4-Pad3)")
    (add_net "Net-(J4-Pad8)")
    (add_net "Net-(JP1-Pad2)")
    (add_net "Net-(Q1-Pad2)")
    (add_net "Net-(Q2-Pad1)")
    (add_net "Net-(Q2-Pad2)")
    (add_net "Net-(R20-Pad2)")
    (add_net "Net-(R21-Pad2)")
    (add_net "Net-(R23-Pad2)")
    (add_net "Net-(R3-Pad1)")
    (add_net "Net-(R4-Pad1)")
    (add_net "Net-(R5-Pad1)")
    (add_net "Net-(R6-Pad1)")
    (add_net "Net-(R7-Pad1)")
    (add_net "Net-(SW2-Pad3)")
    (add_net "Net-(SW2-Pad4)")
    (add_net "Net-(SW2-Pad5)")
    (add_net "Net-(SW2-Pad6)")
    (add_net "Net-(U1-Pad10)")
    (add_net "Net-(U1-Pad11)")
    (add_net "Net-(U1-Pad12)")
    (add_net "Net-(U1-Pad13)")
    (add_net "Net-(U1-Pad14)")
    (add_net "Net-(U1-Pad15)")
    (add_net "Net-(U1-Pad16)")
    (add_net "Net-(U1-Pad17)")
    (add_net "Net-(U1-Pad20)")
    (add_net "Net-(U1-Pad21)")
    (add_net "Net-(U1-Pad22)")
    (add_net "Net-(U1-Pad23)")
    (add_net "Net-(U1-Pad24)")
    (add_net "Net-(U1-Pad25)")
    (add_net "Net-(U1-Pad37)")
    (add_net "Net-(U1-Pad38)")
    (add_net "Net-(U1-Pad39)")
    (add_net "Net-(U1-Pad40)")
    (add_net "Net-(U10-Pad10)")
    (add_net "Net-(U10-Pad11)")
    (add_net "Net-(U10-Pad12)")
    (add_net "Net-(U10-Pad7)")
    (add_net "Net-(U10-Pad9)")
    (add_net "Net-(U13-Pad1)")
    (add_net "Net-(U13-Pad10)")
    (add_net "Net-(U13-Pad11)")
    (add_net "Net-(U13-Pad17)")
    (add_net "Net-(U13-Pad2)")
    (add_net "Net-(U13-Pad29)")
    (add_net "Net-(U13-Pad3)")
    (add_net "Net-(U13-Pad30)")
    (add_net "Net-(U13-Pad4)")
    (add_net "Net-(U13-Pad5)")
    (add_net "Net-(U13-Pad6)")
    (add_net "Net-(U13-Pad7)")
    (add_net "Net-(U13-Pad8)")
    (add_net "Net-(U19-Pad8)")
    (add_net "Net-(U3-Pad12)")
    (add_net "Net-(U3-Pad2)")
    (add_net "Net-(U3-Pad6)")
    (add_net "Net-(U3-Pad8)")
    (add_net "Net-(U5-Pad10)")
    (add_net "Net-(U5-Pad11)")
    (add_net "Net-(U5-Pad12)")
    (add_net "Net-(U5-Pad13)")
    (add_net "Net-(U5-Pad7)")
    (add_net "Net-(U5-Pad9)")
    (add_net "Net-(U9-Pad10)")
    (add_net "Net-(U9-Pad12)")
    (add_net "Net-(U9-Pad14)")
    (add_net "Net-(U9-Pad16)")
    (add_net "Net-(U9-Pad18)")
    (add_net "Net-(U9-Pad21)")
    (add_net "Net-(U9-Pad27)")
    (add_net "Net-(U9-Pad31)")
    (add_net "Net-(U9-Pad32)")
    (add_net "Net-(U9-Pad4)")
    (add_net "Net-(U9-Pad6)")
    (add_net "Net-(U9-Pad8)")
    (add_net PSX_CLK)
    (add_net PSX_CMD)
    (add_net PSX_DAT)
    (add_net ~BOOTING)
    (add_net ~CPU_RD)
    (add_net ~CPU_WR)
    (add_net ~ENTER_ISP)
    (add_net ~IO0_CS)
    (add_net ~IO1_CS)
    (add_net ~IO2_CS)
    (add_net ~IO3_CS)
    (add_net ~IO4_CS)
    (add_net ~IO5_CS)
    (add_net ~IO6_CS)
    (add_net ~IO7_CS)
    (add_net ~ISP)
    (add_net ~MEM0_CS)
    (add_net ~MEM1_CS)
    (add_net ~PSX_ACK)
    (add_net ~PSX_SEL_0)
    (add_net ~PSX_SEL_1)
    (add_net ~RD_BIOS)
    (add_net ~RESET)
    (add_net ~WARM_BOOT)
    (add_net ~WR_BIOS)
  )

  (net_class POWER ""
    (clearance 0.2)
    (trace_width 0.4)
    (via_dia 0.8)
    (via_drill 0.4)
    (uvia_dia 0.3)
    (uvia_drill 0.1)
    (add_net /+5V)
    (add_net /GND)
  )

  (module Connector_PinSocket_2.54mm:PS2DUAL (layer F.Cu) (tedit 5C875512) (tstamp 5C94A01E)
    (at 78.7902 23.2105 270)
    (path /5C68B4BB/5EDBB046)
    (fp_text reference U3 (at 2.11836 5.30802) (layer F.SilkS)
      (effects (font (size 1 1) (thickness 0.15)))
    )
    (fp_text value PS2_DUAL (at 0.88392 5.88206) (layer F.Fab)
      (effects (font (size 1 1) (thickness 0.15)))
    )
    (fp_line (start -6.88 11.94) (end -6.88 0.74) (layer F.CrtYd) (width 0.05))
    (fp_line (start -0.78 11.94) (end -6.88 11.94) (layer F.CrtYd) (width 0.05))
    (fp_line (start -6.88 0.74) (end -0.78 0.74) (layer F.CrtYd) (width 0.05))
    (fp_line (start -2.54 1.21) (end -1.21 1.21) (layer F.SilkS) (width 0.12))
    (fp_line (start -3.81 1.21) (end -3.81 3.81) (layer F.SilkS) (width 0.12))
    (fp_line (start -6.41 11.49) (end -1.21 11.49) (layer F.SilkS) (width 0.12))
    (fp_line (start -1.27 2.27) (end -1.27 11.43) (layer F.Fab) (width 0.1))
    (fp_line (start -3.81 3.81) (end -1.21 3.81) (layer F.SilkS) (width 0.12))
    (fp_line (start -6.41 1.21) (end -6.41 11.49) (layer F.SilkS) (width 0.12))
    (fp_line (start -6.35 11.43) (end -6.35 1.27) (layer F.Fab) (width 0.1))
    (fp_line (start -1.27 11.43) (end -6.35 11.43) (layer F.Fab) (width 0.1))
    (fp_line (start -2.27 1.27) (end -1.27 2.27) (layer F.Fab) (width 0.1))
    (fp_line (start -1.21 1.21) (end -1.21 2.54) (layer F.SilkS) (width 0.12))
    (fp_line (start -1.21 3.81) (end -1.21 11.49) (layer F.SilkS) (width 0.12))
    (fp_line (start -6.41 1.21) (end -3.81 1.21) (layer F.SilkS) (width 0.12))
    (fp_line (start -6.35 1.27) (end -2.27 1.27) (layer F.Fab) (width 0.1))
    (fp_line (start 8.745 11.94) (end -0.762 11.938) (layer F.CrtYd) (width 0.05))
    (fp_line (start 8.745 0.74) (end 8.745 11.94) (layer F.CrtYd) (width 0.05))
    (fp_line (start -0.762 0.762) (end 8.745 0.74) (layer F.CrtYd) (width 0.05))
    (fp_line (start 6.985 1.21) (end 8.315 1.21) (layer F.SilkS) (width 0.12))
    (fp_line (start 5.715 1.21) (end 5.715 3.81) (layer F.SilkS) (width 0.12))
    (fp_line (start 3.115 11.49) (end 8.315 11.49) (layer F.SilkS) (width 0.12))
    (fp_line (start 8.255 2.27) (end 8.255 11.43) (layer F.Fab) (width 0.1))
    (fp_line (start 5.715 3.81) (end 8.315 3.81) (layer F.SilkS) (width 0.12))
    (fp_line (start 3.115 1.21) (end 3.115 11.49) (layer F.SilkS) (width 0.12))
    (fp_line (start 3.175 11.43) (end 3.175 1.27) (layer F.Fab) (width 0.1))
    (fp_line (start 8.255 11.43) (end 3.175 11.43) (layer F.Fab) (width 0.1))
    (fp_line (start 7.255 1.27) (end 8.255 2.27) (layer F.Fab) (width 0.1))
    (fp_line (start 8.315 1.21) (end 8.315 2.54) (layer F.SilkS) (width 0.12))
    (fp_line (start 8.315 3.81) (end 8.315 11.49) (layer F.SilkS) (width 0.12))
    (fp_line (start 3.115 1.21) (end 5.715 1.21) (layer F.SilkS) (width 0.12))
    (fp_line (start 3.175 1.27) (end 7.255 1.27) (layer F.Fab) (width 0.1))
    (pad 8 thru_hole oval (at -5.08 5.08 270) (size 1.7 1.7) (drill 1) (layers *.Cu *.Mask)
      (net 158 "Net-(U3-Pad8)"))
    (pad 11 thru_hole oval (at -2.54 10.16 270) (size 1.7 1.7) (drill 1) (layers *.Cu *.Mask)
      (net 140 "Net-(R6-Pad1)"))
    (pad 10 thru_hole oval (at -5.08 2.54 270) (size 1.7 1.7) (drill 1) (layers *.Cu *.Mask)
      (net 85 /+5V))
    (pad 12 thru_hole oval (at -2.54 2.54 270) (size 1.7 1.7) (drill 1) (layers *.Cu *.Mask)
      (net 161 "Net-(U3-Pad12)"))
    (pad 9 thru_hole oval (at -5.08 10.16 270) (size 1.7 1.7) (drill 1) (layers *.Cu *.Mask)
      (net 95 /GND))
    (pad 7 thru_hole rect (at -5.08 7.62 270) (size 1.7 1.7) (drill 1) (layers *.Cu *.Mask)
      (net 147 "Net-(R7-Pad1)"))
    (pad 2 thru_hole oval (at 4.445 5.08 270) (size 1.7 1.7) (drill 1) (layers *.Cu *.Mask)
      (net 159 "Net-(U3-Pad2)"))
    (pad 5 thru_hole oval (at 6.985 10.16 270) (size 1.7 1.7) (drill 1) (layers *.Cu *.Mask)
      (net 143 "Net-(R4-Pad1)"))
    (pad 4 thru_hole oval (at 4.445 2.54 270) (size 1.7 1.7) (drill 1) (layers *.Cu *.Mask)
      (net 85 /+5V))
    (pad 6 thru_hole oval (at 6.985 2.54 270) (size 1.7 1.7) (drill 1) (layers *.Cu *.Mask)
      (net 160 "Net-(U3-Pad6)"))
    (pad 3 thru_hole oval (at 4.445 10.16 270) (size 1.7 1.7) (drill 1) (layers *.Cu *.Mask)
      (net 95 /GND))
    (pad 1 thru_hole rect (at 4.445 7.62 270) (size 1.7 1.7) (drill 1) (layers *.Cu *.Mask)
      (net 144 "Net-(R5-Pad1)"))
  )

  (module Connector_PinSocket_2.54mm:PinSocket_1x09_P2.54mm_Vertical (layer F.Cu) (tedit 5A19A431) (tstamp 5C8FB050)
    (at 17.112 61.783)
    (descr "Through hole straight socket strip, 1x09, 2.54mm pitch, single row (from Kicad 4.0.7), script generated")
    (tags "Through hole socket strip THT 1x09 2.54mm single row")
    (path /5DED3C2A/60051CDD)
    (fp_text reference J4 (at 0 -2.77) (layer F.SilkS)
      (effects (font (size 1 1) (thickness 0.15)))
    )
    (fp_text value PSX_JOYPAD_2 (at 2.5654 16.36522 90) (layer F.Fab)
      (effects (font (size 1 1) (thickness 0.15)))
    )
    (fp_text user %R (at 0 10.16 90) (layer F.Fab)
      (effects (font (size 1 1) (thickness 0.15)))
    )
    (fp_line (start -1.8 22.1) (end -1.8 -1.8) (layer F.CrtYd) (width 0.05))
    (fp_line (start 1.75 22.1) (end -1.8 22.1) (layer F.CrtYd) (width 0.05))
    (fp_line (start 1.75 -1.8) (end 1.75 22.1) (layer F.CrtYd) (width 0.05))
    (fp_line (start -1.8 -1.8) (end 1.75 -1.8) (layer F.CrtYd) (width 0.05))
    (fp_line (start 0 -1.33) (end 1.33 -1.33) (layer F.SilkS) (width 0.12))
    (fp_line (start 1.33 -1.33) (end 1.33 0) (layer F.SilkS) (width 0.12))
    (fp_line (start 1.33 1.27) (end 1.33 21.65) (layer F.SilkS) (width 0.12))
    (fp_line (start -1.33 21.65) (end 1.33 21.65) (layer F.SilkS) (width 0.12))
    (fp_line (start -1.33 1.27) (end -1.33 21.65) (layer F.SilkS) (width 0.12))
    (fp_line (start -1.33 1.27) (end 1.33 1.27) (layer F.SilkS) (width 0.12))
    (fp_line (start -1.27 21.59) (end -1.27 -1.27) (layer F.Fab) (width 0.1))
    (fp_line (start 1.27 21.59) (end -1.27 21.59) (layer F.Fab) (width 0.1))
    (fp_line (start 1.27 -0.635) (end 1.27 21.59) (layer F.Fab) (width 0.1))
    (fp_line (start 0.635 -1.27) (end 1.27 -0.635) (layer F.Fab) (width 0.1))
    (fp_line (start -1.27 -1.27) (end 0.635 -1.27) (layer F.Fab) (width 0.1))
    (pad 9 thru_hole oval (at 0 20.32) (size 1.7 1.7) (drill 1) (layers *.Cu *.Mask)
      (net 152 ~PSX_ACK))
    (pad 8 thru_hole oval (at 0 17.78) (size 1.7 1.7) (drill 1) (layers *.Cu *.Mask)
      (net 156 "Net-(J4-Pad8)"))
    (pad 7 thru_hole oval (at 0 15.24) (size 1.7 1.7) (drill 1) (layers *.Cu *.Mask)
      (net 149 PSX_CLK))
    (pad 6 thru_hole oval (at 0 12.7) (size 1.7 1.7) (drill 1) (layers *.Cu *.Mask)
      (net 150 ~PSX_SEL_1))
    (pad 5 thru_hole oval (at 0 10.16) (size 1.7 1.7) (drill 1) (layers *.Cu *.Mask)
      (net 85 /+5V))
    (pad 4 thru_hole oval (at 0 7.62) (size 1.7 1.7) (drill 1) (layers *.Cu *.Mask)
      (net 95 /GND))
    (pad 3 thru_hole oval (at 0 5.08) (size 1.7 1.7) (drill 1) (layers *.Cu *.Mask)
      (net 157 "Net-(J4-Pad3)"))
    (pad 2 thru_hole oval (at 0 2.54) (size 1.7 1.7) (drill 1) (layers *.Cu *.Mask)
      (net 148 PSX_CMD))
    (pad 1 thru_hole rect (at 0 0) (size 1.7 1.7) (drill 1) (layers *.Cu *.Mask)
      (net 153 PSX_DAT))
    (model ${KISYS3DMOD}/Connector_PinSocket_2.54mm.3dshapes/PinSocket_1x09_P2.54mm_Vertical.wrl
      (at (xyz 0 0 0))
      (scale (xyz 1 1 1))
      (rotate (xyz 0 0 0))
    )
  )

  (module Connector_PinSocket_2.54mm:PinSocket_1x09_P2.54mm_Vertical (layer F.Cu) (tedit 5A19A431) (tstamp 5C8FB033)
    (at 17.112 87.4293)
    (descr "Through hole straight socket strip, 1x09, 2.54mm pitch, single row (from Kicad 4.0.7), script generated")
    (tags "Through hole socket strip THT 1x09 2.54mm single row")
    (path /5DED3C2A/6006CD58)
    (fp_text reference J3 (at 0 -2.77) (layer F.SilkS)
      (effects (font (size 1 1) (thickness 0.15)))
    )
    (fp_text value PSX_JOYPAD_1 (at 2.71526 16.59382 90) (layer F.Fab)
      (effects (font (size 1 1) (thickness 0.15)))
    )
    (fp_line (start -1.27 -1.27) (end 0.635 -1.27) (layer F.Fab) (width 0.1))
    (fp_line (start 0.635 -1.27) (end 1.27 -0.635) (layer F.Fab) (width 0.1))
    (fp_line (start 1.27 -0.635) (end 1.27 21.59) (layer F.Fab) (width 0.1))
    (fp_line (start 1.27 21.59) (end -1.27 21.59) (layer F.Fab) (width 0.1))
    (fp_line (start -1.27 21.59) (end -1.27 -1.27) (layer F.Fab) (width 0.1))
    (fp_line (start -1.33 1.27) (end 1.33 1.27) (layer F.SilkS) (width 0.12))
    (fp_line (start -1.33 1.27) (end -1.33 21.65) (layer F.SilkS) (width 0.12))
    (fp_line (start -1.33 21.65) (end 1.33 21.65) (layer F.SilkS) (width 0.12))
    (fp_line (start 1.33 1.27) (end 1.33 21.65) (layer F.SilkS) (width 0.12))
    (fp_line (start 1.33 -1.33) (end 1.33 0) (layer F.SilkS) (width 0.12))
    (fp_line (start 0 -1.33) (end 1.33 -1.33) (layer F.SilkS) (width 0.12))
    (fp_line (start -1.8 -1.8) (end 1.75 -1.8) (layer F.CrtYd) (width 0.05))
    (fp_line (start 1.75 -1.8) (end 1.75 22.1) (layer F.CrtYd) (width 0.05))
    (fp_line (start 1.75 22.1) (end -1.8 22.1) (layer F.CrtYd) (width 0.05))
    (fp_line (start -1.8 22.1) (end -1.8 -1.8) (layer F.CrtYd) (width 0.05))
    (fp_text user %R (at 0 10.16 90) (layer F.Fab)
      (effects (font (size 1 1) (thickness 0.15)))
    )
    (pad 1 thru_hole rect (at 0 0) (size 1.7 1.7) (drill 1) (layers *.Cu *.Mask)
      (net 153 PSX_DAT))
    (pad 2 thru_hole oval (at 0 2.54) (size 1.7 1.7) (drill 1) (layers *.Cu *.Mask)
      (net 148 PSX_CMD))
    (pad 3 thru_hole oval (at 0 5.08) (size 1.7 1.7) (drill 1) (layers *.Cu *.Mask)
      (net 154 "Net-(J3-Pad3)"))
    (pad 4 thru_hole oval (at 0 7.62) (size 1.7 1.7) (drill 1) (layers *.Cu *.Mask)
      (net 95 /GND))
    (pad 5 thru_hole oval (at 0 10.16) (size 1.7 1.7) (drill 1) (layers *.Cu *.Mask)
      (net 85 /+5V))
    (pad 6 thru_hole oval (at 0 12.7) (size 1.7 1.7) (drill 1) (layers *.Cu *.Mask)
      (net 151 ~PSX_SEL_0))
    (pad 7 thru_hole oval (at 0 15.24) (size 1.7 1.7) (drill 1) (layers *.Cu *.Mask)
      (net 149 PSX_CLK))
    (pad 8 thru_hole oval (at 0 17.78) (size 1.7 1.7) (drill 1) (layers *.Cu *.Mask)
      (net 155 "Net-(J3-Pad8)"))
    (pad 9 thru_hole oval (at 0 20.32) (size 1.7 1.7) (drill 1) (layers *.Cu *.Mask)
      (net 152 ~PSX_ACK))
    (model ${KISYS3DMOD}/Connector_PinSocket_2.54mm.3dshapes/PinSocket_1x09_P2.54mm_Vertical.wrl
      (at (xyz 0 0 0))
      (scale (xyz 1 1 1))
      (rotate (xyz 0 0 0))
    )
  )

  (module Resistor_SMD:R_0805_2012Metric (layer F.Cu) (tedit 5B36C52B) (tstamp 5C952B6F)
    (at 32.1386 28.3543 90)
    (descr "Resistor SMD 0805 (2012 Metric), square (rectangular) end terminal, IPC_7351 nominal, (Body size source: https://docs.google.com/spreadsheets/d/1BsfQQcO9C6DZCsRaXUlFlo91Tg2WpOkGARC1WS5S8t0/edit?usp=sharing), generated with kicad-footprint-generator")
    (tags resistor)
    (path /5C68B4BB/5EF9A2E4)
    (attr smd)
    (fp_text reference R12 (at 4.98626 8.50138 90) (layer F.SilkS)
      (effects (font (size 1 1) (thickness 0.15)))
    )
    (fp_text value 2k (at -0.02516 0 90) (layer F.Fab)
      (effects (font (size 1 1) (thickness 0.15)))
    )
    (fp_text user %R (at 0 0 90) (layer F.Fab)
      (effects (font (size 0.5 0.5) (thickness 0.08)))
    )
    (fp_line (start 1.68 0.95) (end -1.68 0.95) (layer F.CrtYd) (width 0.05))
    (fp_line (start 1.68 -0.95) (end 1.68 0.95) (layer F.CrtYd) (width 0.05))
    (fp_line (start -1.68 -0.95) (end 1.68 -0.95) (layer F.CrtYd) (width 0.05))
    (fp_line (start -1.68 0.95) (end -1.68 -0.95) (layer F.CrtYd) (width 0.05))
    (fp_line (start -0.258578 0.71) (end 0.258578 0.71) (layer F.SilkS) (width 0.12))
    (fp_line (start -0.258578 -0.71) (end 0.258578 -0.71) (layer F.SilkS) (width 0.12))
    (fp_line (start 1 0.6) (end -1 0.6) (layer F.Fab) (width 0.1))
    (fp_line (start 1 -0.6) (end 1 0.6) (layer F.Fab) (width 0.1))
    (fp_line (start -1 -0.6) (end 1 -0.6) (layer F.Fab) (width 0.1))
    (fp_line (start -1 0.6) (end -1 -0.6) (layer F.Fab) (width 0.1))
    (pad 2 smd roundrect (at 0.9375 0 90) (size 0.975 1.4) (layers F.Cu F.Paste F.Mask) (roundrect_rratio 0.25)
      (net 145 KEYBOARD_DAT))
    (pad 1 smd roundrect (at -0.9375 0 90) (size 0.975 1.4) (layers F.Cu F.Paste F.Mask) (roundrect_rratio 0.25)
      (net 85 /+5V))
    (model ${KISYS3DMOD}/Resistor_SMD.3dshapes/R_0805_2012Metric.wrl
      (at (xyz 0 0 0))
      (scale (xyz 1 1 1))
      (rotate (xyz 0 0 0))
    )
  )

  (module Resistor_SMD:R_0805_2012Metric (layer F.Cu) (tedit 5B36C52B) (tstamp 5C952A7F)
    (at 37.1932 28.3543 90)
    (descr "Resistor SMD 0805 (2012 Metric), square (rectangular) end terminal, IPC_7351 nominal, (Body size source: https://docs.google.com/spreadsheets/d/1BsfQQcO9C6DZCsRaXUlFlo91Tg2WpOkGARC1WS5S8t0/edit?usp=sharing), generated with kicad-footprint-generator")
    (tags resistor)
    (path /5C68B4BB/5F87A893)
    (attr smd)
    (fp_text reference R9 (at 4.47826 6.49478 90) (layer F.SilkS)
      (effects (font (size 1 1) (thickness 0.15)))
    )
    (fp_text value 2k (at -0.43942 0 90) (layer F.Fab)
      (effects (font (size 1 1) (thickness 0.15)))
    )
    (fp_line (start -1 0.6) (end -1 -0.6) (layer F.Fab) (width 0.1))
    (fp_line (start -1 -0.6) (end 1 -0.6) (layer F.Fab) (width 0.1))
    (fp_line (start 1 -0.6) (end 1 0.6) (layer F.Fab) (width 0.1))
    (fp_line (start 1 0.6) (end -1 0.6) (layer F.Fab) (width 0.1))
    (fp_line (start -0.258578 -0.71) (end 0.258578 -0.71) (layer F.SilkS) (width 0.12))
    (fp_line (start -0.258578 0.71) (end 0.258578 0.71) (layer F.SilkS) (width 0.12))
    (fp_line (start -1.68 0.95) (end -1.68 -0.95) (layer F.CrtYd) (width 0.05))
    (fp_line (start -1.68 -0.95) (end 1.68 -0.95) (layer F.CrtYd) (width 0.05))
    (fp_line (start 1.68 -0.95) (end 1.68 0.95) (layer F.CrtYd) (width 0.05))
    (fp_line (start 1.68 0.95) (end -1.68 0.95) (layer F.CrtYd) (width 0.05))
    (fp_text user %R (at 0 0 90) (layer F.Fab)
      (effects (font (size 0.5 0.5) (thickness 0.08)))
    )
    (pad 1 smd roundrect (at -0.9375 0 90) (size 0.975 1.4) (layers F.Cu F.Paste F.Mask) (roundrect_rratio 0.25)
      (net 85 /+5V))
    (pad 2 smd roundrect (at 0.9375 0 90) (size 0.975 1.4) (layers F.Cu F.Paste F.Mask) (roundrect_rratio 0.25)
      (net 141 MOUSE_CLK))
    (model ${KISYS3DMOD}/Resistor_SMD.3dshapes/R_0805_2012Metric.wrl
      (at (xyz 0 0 0))
      (scale (xyz 1 1 1))
      (rotate (xyz 0 0 0))
    )
  )

  (module Resistor_SMD:R_0805_2012Metric (layer F.Cu) (tedit 5B36C52B) (tstamp 5C952AAF)
    (at 34.7167 28.3543 90)
    (descr "Resistor SMD 0805 (2012 Metric), square (rectangular) end terminal, IPC_7351 nominal, (Body size source: https://docs.google.com/spreadsheets/d/1BsfQQcO9C6DZCsRaXUlFlo91Tg2WpOkGARC1WS5S8t0/edit?usp=sharing), generated with kicad-footprint-generator")
    (tags resistor)
    (path /5C68B4BB/5EDBB3AB)
    (attr smd)
    (fp_text reference R8 (at 4.47826 7.44728 90) (layer F.SilkS)
      (effects (font (size 1 1) (thickness 0.15)))
    )
    (fp_text value 2k (at -0.07088 0.04826 90) (layer F.Fab)
      (effects (font (size 1 1) (thickness 0.15)))
    )
    (fp_text user %R (at 0 0 90) (layer F.Fab)
      (effects (font (size 0.5 0.5) (thickness 0.08)))
    )
    (fp_line (start 1.68 0.95) (end -1.68 0.95) (layer F.CrtYd) (width 0.05))
    (fp_line (start 1.68 -0.95) (end 1.68 0.95) (layer F.CrtYd) (width 0.05))
    (fp_line (start -1.68 -0.95) (end 1.68 -0.95) (layer F.CrtYd) (width 0.05))
    (fp_line (start -1.68 0.95) (end -1.68 -0.95) (layer F.CrtYd) (width 0.05))
    (fp_line (start -0.258578 0.71) (end 0.258578 0.71) (layer F.SilkS) (width 0.12))
    (fp_line (start -0.258578 -0.71) (end 0.258578 -0.71) (layer F.SilkS) (width 0.12))
    (fp_line (start 1 0.6) (end -1 0.6) (layer F.Fab) (width 0.1))
    (fp_line (start 1 -0.6) (end 1 0.6) (layer F.Fab) (width 0.1))
    (fp_line (start -1 -0.6) (end 1 -0.6) (layer F.Fab) (width 0.1))
    (fp_line (start -1 0.6) (end -1 -0.6) (layer F.Fab) (width 0.1))
    (pad 2 smd roundrect (at 0.9375 0 90) (size 0.975 1.4) (layers F.Cu F.Paste F.Mask) (roundrect_rratio 0.25)
      (net 142 KEYBOARD_CLK))
    (pad 1 smd roundrect (at -0.9375 0 90) (size 0.975 1.4) (layers F.Cu F.Paste F.Mask) (roundrect_rratio 0.25)
      (net 85 /+5V))
    (model ${KISYS3DMOD}/Resistor_SMD.3dshapes/R_0805_2012Metric.wrl
      (at (xyz 0 0 0))
      (scale (xyz 1 1 1))
      (rotate (xyz 0 0 0))
    )
  )

  (module Resistor_SMD:R_0805_2012Metric (layer F.Cu) (tedit 5B36C52B) (tstamp 5C953F89)
    (at 29.6647 23.289 270)
    (descr "Resistor SMD 0805 (2012 Metric), square (rectangular) end terminal, IPC_7351 nominal, (Body size source: https://docs.google.com/spreadsheets/d/1BsfQQcO9C6DZCsRaXUlFlo91Tg2WpOkGARC1WS5S8t0/edit?usp=sharing), generated with kicad-footprint-generator")
    (tags resistor)
    (path /5C68B4BB/5F87A8A8)
    (attr smd)
    (fp_text reference R7 (at 4.14298 -9.45134 270) (layer F.SilkS)
      (effects (font (size 1 1) (thickness 0.15)))
    )
    (fp_text value 120 (at 0.1397 0.04572 270) (layer F.Fab)
      (effects (font (size 1 1) (thickness 0.15)))
    )
    (fp_line (start -1 0.6) (end -1 -0.6) (layer F.Fab) (width 0.1))
    (fp_line (start -1 -0.6) (end 1 -0.6) (layer F.Fab) (width 0.1))
    (fp_line (start 1 -0.6) (end 1 0.6) (layer F.Fab) (width 0.1))
    (fp_line (start 1 0.6) (end -1 0.6) (layer F.Fab) (width 0.1))
    (fp_line (start -0.258578 -0.71) (end 0.258578 -0.71) (layer F.SilkS) (width 0.12))
    (fp_line (start -0.258578 0.71) (end 0.258578 0.71) (layer F.SilkS) (width 0.12))
    (fp_line (start -1.68 0.95) (end -1.68 -0.95) (layer F.CrtYd) (width 0.05))
    (fp_line (start -1.68 -0.95) (end 1.68 -0.95) (layer F.CrtYd) (width 0.05))
    (fp_line (start 1.68 -0.95) (end 1.68 0.95) (layer F.CrtYd) (width 0.05))
    (fp_line (start 1.68 0.95) (end -1.68 0.95) (layer F.CrtYd) (width 0.05))
    (fp_text user %R (at 0 0 270) (layer F.Fab)
      (effects (font (size 0.5 0.5) (thickness 0.08)))
    )
    (pad 1 smd roundrect (at -0.9375 0 270) (size 0.975 1.4) (layers F.Cu F.Paste F.Mask) (roundrect_rratio 0.25)
      (net 147 "Net-(R7-Pad1)"))
    (pad 2 smd roundrect (at 0.9375 0 270) (size 0.975 1.4) (layers F.Cu F.Paste F.Mask) (roundrect_rratio 0.25)
      (net 146 MOUSE_DAT))
    (model ${KISYS3DMOD}/Resistor_SMD.3dshapes/R_0805_2012Metric.wrl
      (at (xyz 0 0 0))
      (scale (xyz 1 1 1))
      (rotate (xyz 0 0 0))
    )
  )

  (module Resistor_SMD:R_0805_2012Metric (layer F.Cu) (tedit 5B36C52B) (tstamp 5C952B9F)
    (at 29.6189 28.3543 90)
    (descr "Resistor SMD 0805 (2012 Metric), square (rectangular) end terminal, IPC_7351 nominal, (Body size source: https://docs.google.com/spreadsheets/d/1BsfQQcO9C6DZCsRaXUlFlo91Tg2WpOkGARC1WS5S8t0/edit?usp=sharing), generated with kicad-footprint-generator")
    (tags resistor)
    (path /5C68B4BB/5F87A8A1)
    (attr smd)
    (fp_text reference R16 (at 4.98626 9.49706 90) (layer F.SilkS)
      (effects (font (size 1 1) (thickness 0.15)))
    )
    (fp_text value 2k (at 0.23114 -0.09398 90) (layer F.Fab)
      (effects (font (size 1 1) (thickness 0.15)))
    )
    (fp_text user %R (at 0 0 90) (layer F.Fab)
      (effects (font (size 0.5 0.5) (thickness 0.08)))
    )
    (fp_line (start 1.68 0.95) (end -1.68 0.95) (layer F.CrtYd) (width 0.05))
    (fp_line (start 1.68 -0.95) (end 1.68 0.95) (layer F.CrtYd) (width 0.05))
    (fp_line (start -1.68 -0.95) (end 1.68 -0.95) (layer F.CrtYd) (width 0.05))
    (fp_line (start -1.68 0.95) (end -1.68 -0.95) (layer F.CrtYd) (width 0.05))
    (fp_line (start -0.258578 0.71) (end 0.258578 0.71) (layer F.SilkS) (width 0.12))
    (fp_line (start -0.258578 -0.71) (end 0.258578 -0.71) (layer F.SilkS) (width 0.12))
    (fp_line (start 1 0.6) (end -1 0.6) (layer F.Fab) (width 0.1))
    (fp_line (start 1 -0.6) (end 1 0.6) (layer F.Fab) (width 0.1))
    (fp_line (start -1 -0.6) (end 1 -0.6) (layer F.Fab) (width 0.1))
    (fp_line (start -1 0.6) (end -1 -0.6) (layer F.Fab) (width 0.1))
    (pad 2 smd roundrect (at 0.9375 0 90) (size 0.975 1.4) (layers F.Cu F.Paste F.Mask) (roundrect_rratio 0.25)
      (net 146 MOUSE_DAT))
    (pad 1 smd roundrect (at -0.9375 0 90) (size 0.975 1.4) (layers F.Cu F.Paste F.Mask) (roundrect_rratio 0.25)
      (net 85 /+5V))
    (model ${KISYS3DMOD}/Resistor_SMD.3dshapes/R_0805_2012Metric.wrl
      (at (xyz 0 0 0))
      (scale (xyz 1 1 1))
      (rotate (xyz 0 0 0))
    )
  )

  (module Resistor_SMD:R_0805_2012Metric (layer F.Cu) (tedit 5B36C52B) (tstamp 5C952ADF)
    (at 32.1386 23.289 270)
    (descr "Resistor SMD 0805 (2012 Metric), square (rectangular) end terminal, IPC_7351 nominal, (Body size source: https://docs.google.com/spreadsheets/d/1BsfQQcO9C6DZCsRaXUlFlo91Tg2WpOkGARC1WS5S8t0/edit?usp=sharing), generated with kicad-footprint-generator")
    (tags resistor)
    (path /5C68B4BB/5F0128A4)
    (attr smd)
    (fp_text reference R5 (at 4.14298 -8.50138 270) (layer F.SilkS)
      (effects (font (size 1 1) (thickness 0.15)))
    )
    (fp_text value 120 (at 0.09652 0.04826 270) (layer F.Fab)
      (effects (font (size 1 1) (thickness 0.15)))
    )
    (fp_line (start -1 0.6) (end -1 -0.6) (layer F.Fab) (width 0.1))
    (fp_line (start -1 -0.6) (end 1 -0.6) (layer F.Fab) (width 0.1))
    (fp_line (start 1 -0.6) (end 1 0.6) (layer F.Fab) (width 0.1))
    (fp_line (start 1 0.6) (end -1 0.6) (layer F.Fab) (width 0.1))
    (fp_line (start -0.258578 -0.71) (end 0.258578 -0.71) (layer F.SilkS) (width 0.12))
    (fp_line (start -0.258578 0.71) (end 0.258578 0.71) (layer F.SilkS) (width 0.12))
    (fp_line (start -1.68 0.95) (end -1.68 -0.95) (layer F.CrtYd) (width 0.05))
    (fp_line (start -1.68 -0.95) (end 1.68 -0.95) (layer F.CrtYd) (width 0.05))
    (fp_line (start 1.68 -0.95) (end 1.68 0.95) (layer F.CrtYd) (width 0.05))
    (fp_line (start 1.68 0.95) (end -1.68 0.95) (layer F.CrtYd) (width 0.05))
    (fp_text user %R (at 0 0 270) (layer F.Fab)
      (effects (font (size 0.5 0.5) (thickness 0.08)))
    )
    (pad 1 smd roundrect (at -0.9375 0 270) (size 0.975 1.4) (layers F.Cu F.Paste F.Mask) (roundrect_rratio 0.25)
      (net 144 "Net-(R5-Pad1)"))
    (pad 2 smd roundrect (at 0.9375 0 270) (size 0.975 1.4) (layers F.Cu F.Paste F.Mask) (roundrect_rratio 0.25)
      (net 145 KEYBOARD_DAT))
    (model ${KISYS3DMOD}/Resistor_SMD.3dshapes/R_0805_2012Metric.wrl
      (at (xyz 0 0 0))
      (scale (xyz 1 1 1))
      (rotate (xyz 0 0 0))
    )
  )

  (module Resistor_SMD:R_0805_2012Metric (layer F.Cu) (tedit 5B36C52B) (tstamp 5C952B0F)
    (at 34.7167 23.289 270)
    (descr "Resistor SMD 0805 (2012 Metric), square (rectangular) end terminal, IPC_7351 nominal, (Body size source: https://docs.google.com/spreadsheets/d/1BsfQQcO9C6DZCsRaXUlFlo91Tg2WpOkGARC1WS5S8t0/edit?usp=sharing), generated with kicad-footprint-generator")
    (tags resistor)
    (path /5C68B4BB/5EF22317)
    (attr smd)
    (fp_text reference R4 (at 4.14298 -7.44728 270) (layer F.SilkS)
      (effects (font (size 1 1) (thickness 0.15)))
    )
    (fp_text value 120 (at 0.0231 0 270) (layer F.Fab)
      (effects (font (size 1 1) (thickness 0.15)))
    )
    (fp_text user %R (at 0 0 270) (layer F.Fab)
      (effects (font (size 0.5 0.5) (thickness 0.08)))
    )
    (fp_line (start 1.68 0.95) (end -1.68 0.95) (layer F.CrtYd) (width 0.05))
    (fp_line (start 1.68 -0.95) (end 1.68 0.95) (layer F.CrtYd) (width 0.05))
    (fp_line (start -1.68 -0.95) (end 1.68 -0.95) (layer F.CrtYd) (width 0.05))
    (fp_line (start -1.68 0.95) (end -1.68 -0.95) (layer F.CrtYd) (width 0.05))
    (fp_line (start -0.258578 0.71) (end 0.258578 0.71) (layer F.SilkS) (width 0.12))
    (fp_line (start -0.258578 -0.71) (end 0.258578 -0.71) (layer F.SilkS) (width 0.12))
    (fp_line (start 1 0.6) (end -1 0.6) (layer F.Fab) (width 0.1))
    (fp_line (start 1 -0.6) (end 1 0.6) (layer F.Fab) (width 0.1))
    (fp_line (start -1 -0.6) (end 1 -0.6) (layer F.Fab) (width 0.1))
    (fp_line (start -1 0.6) (end -1 -0.6) (layer F.Fab) (width 0.1))
    (pad 2 smd roundrect (at 0.9375 0 270) (size 0.975 1.4) (layers F.Cu F.Paste F.Mask) (roundrect_rratio 0.25)
      (net 142 KEYBOARD_CLK))
    (pad 1 smd roundrect (at -0.9375 0 270) (size 0.975 1.4) (layers F.Cu F.Paste F.Mask) (roundrect_rratio 0.25)
      (net 143 "Net-(R4-Pad1)"))
    (model ${KISYS3DMOD}/Resistor_SMD.3dshapes/R_0805_2012Metric.wrl
      (at (xyz 0 0 0))
      (scale (xyz 1 1 1))
      (rotate (xyz 0 0 0))
    )
  )

  (module Resistor_SMD:R_0805_2012Metric (layer F.Cu) (tedit 5B36C52B) (tstamp 5C95331B)
    (at 37.1932 23.289 270)
    (descr "Resistor SMD 0805 (2012 Metric), square (rectangular) end terminal, IPC_7351 nominal, (Body size source: https://docs.google.com/spreadsheets/d/1BsfQQcO9C6DZCsRaXUlFlo91Tg2WpOkGARC1WS5S8t0/edit?usp=sharing), generated with kicad-footprint-generator")
    (tags resistor)
    (path /5C68B4BB/5F87A89A)
    (attr smd)
    (fp_text reference R6 (at 4.14298 -6.49478 270) (layer F.SilkS)
      (effects (font (size 1 1) (thickness 0.15)))
    )
    (fp_text value 120 (at 0.134939 -0.019961 270) (layer F.Fab)
      (effects (font (size 1 1) (thickness 0.15)))
    )
    (fp_line (start -1 0.6) (end -1 -0.6) (layer F.Fab) (width 0.1))
    (fp_line (start -1 -0.6) (end 1 -0.6) (layer F.Fab) (width 0.1))
    (fp_line (start 1 -0.6) (end 1 0.6) (layer F.Fab) (width 0.1))
    (fp_line (start 1 0.6) (end -1 0.6) (layer F.Fab) (width 0.1))
    (fp_line (start -0.258578 -0.71) (end 0.258578 -0.71) (layer F.SilkS) (width 0.12))
    (fp_line (start -0.258578 0.71) (end 0.258578 0.71) (layer F.SilkS) (width 0.12))
    (fp_line (start -1.68 0.95) (end -1.68 -0.95) (layer F.CrtYd) (width 0.05))
    (fp_line (start -1.68 -0.95) (end 1.68 -0.95) (layer F.CrtYd) (width 0.05))
    (fp_line (start 1.68 -0.95) (end 1.68 0.95) (layer F.CrtYd) (width 0.05))
    (fp_line (start 1.68 0.95) (end -1.68 0.95) (layer F.CrtYd) (width 0.05))
    (fp_text user %R (at 0 0 270) (layer F.Fab)
      (effects (font (size 0.5 0.5) (thickness 0.08)))
    )
    (pad 1 smd roundrect (at -0.9375 0 270) (size 0.975 1.4) (layers F.Cu F.Paste F.Mask) (roundrect_rratio 0.25)
      (net 140 "Net-(R6-Pad1)"))
    (pad 2 smd roundrect (at 0.9375 0 270) (size 0.975 1.4) (layers F.Cu F.Paste F.Mask) (roundrect_rratio 0.25)
      (net 141 MOUSE_CLK))
    (model ${KISYS3DMOD}/Resistor_SMD.3dshapes/R_0805_2012Metric.wrl
      (at (xyz 0 0 0))
      (scale (xyz 1 1 1))
      (rotate (xyz 0 0 0))
    )
  )

  (module Package_DIP:DIP-28_W15.24mm_Socket (layer F.Cu) (tedit 5A02E8C5) (tstamp 5C88C694)
    (at 69.6519 101.402 180)
    (descr "28-lead though-hole mounted DIP package, row spacing 15.24 mm (600 mils), Socket")
    (tags "THT DIP DIL PDIP 2.54mm 15.24mm 600mil Socket")
    (path /5E17A1DA/5E180348)
    (fp_text reference U7 (at 7.62 -2.33 180) (layer F.SilkS)
      (effects (font (size 1 1) (thickness 0.15)))
    )
    (fp_text value 28C256 (at 10.72896 33.16224 180) (layer F.Fab)
      (effects (font (size 1 1) (thickness 0.15)))
    )
    (fp_text user %R (at 7.62 16.51 180) (layer F.Fab)
      (effects (font (size 1 1) (thickness 0.15)))
    )
    (fp_line (start 16.8 -1.6) (end -1.55 -1.6) (layer F.CrtYd) (width 0.05))
    (fp_line (start 16.8 34.65) (end 16.8 -1.6) (layer F.CrtYd) (width 0.05))
    (fp_line (start -1.55 34.65) (end 16.8 34.65) (layer F.CrtYd) (width 0.05))
    (fp_line (start -1.55 -1.6) (end -1.55 34.65) (layer F.CrtYd) (width 0.05))
    (fp_line (start 16.57 -1.39) (end -1.33 -1.39) (layer F.SilkS) (width 0.12))
    (fp_line (start 16.57 34.41) (end 16.57 -1.39) (layer F.SilkS) (width 0.12))
    (fp_line (start -1.33 34.41) (end 16.57 34.41) (layer F.SilkS) (width 0.12))
    (fp_line (start -1.33 -1.39) (end -1.33 34.41) (layer F.SilkS) (width 0.12))
    (fp_line (start 14.08 -1.33) (end 8.62 -1.33) (layer F.SilkS) (width 0.12))
    (fp_line (start 14.08 34.35) (end 14.08 -1.33) (layer F.SilkS) (width 0.12))
    (fp_line (start 1.16 34.35) (end 14.08 34.35) (layer F.SilkS) (width 0.12))
    (fp_line (start 1.16 -1.33) (end 1.16 34.35) (layer F.SilkS) (width 0.12))
    (fp_line (start 6.62 -1.33) (end 1.16 -1.33) (layer F.SilkS) (width 0.12))
    (fp_line (start 16.51 -1.33) (end -1.27 -1.33) (layer F.Fab) (width 0.1))
    (fp_line (start 16.51 34.35) (end 16.51 -1.33) (layer F.Fab) (width 0.1))
    (fp_line (start -1.27 34.35) (end 16.51 34.35) (layer F.Fab) (width 0.1))
    (fp_line (start -1.27 -1.33) (end -1.27 34.35) (layer F.Fab) (width 0.1))
    (fp_line (start 0.255 -0.27) (end 1.255 -1.27) (layer F.Fab) (width 0.1))
    (fp_line (start 0.255 34.29) (end 0.255 -0.27) (layer F.Fab) (width 0.1))
    (fp_line (start 14.985 34.29) (end 0.255 34.29) (layer F.Fab) (width 0.1))
    (fp_line (start 14.985 -1.27) (end 14.985 34.29) (layer F.Fab) (width 0.1))
    (fp_line (start 1.255 -1.27) (end 14.985 -1.27) (layer F.Fab) (width 0.1))
    (fp_arc (start 7.62 -1.33) (end 6.62 -1.33) (angle -180) (layer F.SilkS) (width 0.12))
    (pad 28 thru_hole oval (at 15.24 0 180) (size 1.6 1.6) (drill 0.8) (layers *.Cu *.Mask)
      (net 85 /+5V))
    (pad 14 thru_hole oval (at 0 33.02 180) (size 1.6 1.6) (drill 0.8) (layers *.Cu *.Mask)
      (net 95 /GND))
    (pad 27 thru_hole oval (at 15.24 2.54 180) (size 1.6 1.6) (drill 0.8) (layers *.Cu *.Mask)
      (net 107 /~WR))
